% joint position at home config
home_pose = [0.0007679314318422645, -0.012943006209221317, -0.012943006209221317, -0.005807661800360398, 0.0097071562700357, 0.023685107900314785, -0.008881915462618045, 0.0];
% time,field0,field1,field2,field3,field4,field5,field6,field7
home_effort=[1492192622316437005,-0.0214754009121,0.515640931103,0.515640931103,0.227506775669,-0.0690098547591,-0.0318572256785,0.00202059062887,-8.08217031467e-05;
1492192622366364002, -0.0140589244947, 0.513063624945,0.513063624945,0.224748413037,-0.0686579706308,-0.031825917562,0.00233367179413,-7.01010452554e-05;
1492192622416332960, -0.0257133874363, 0.518645477442,0.518645477442,0.225923162115,-0.0683940575346,-0.0320450743777,0.00230236367761,2.63848757663e-05;
1492192622466371059, -0.0262431357519, 0.514560634661,0.514560634661,0.226009765953,-0.0690098547591,-0.0321389987272,0.00227105556108,-3.79390715815e-05;
1492192622516329050, -0.0220051492276, 0.511407298753,0.511407298753,0.219994037449,-0.0683060865025,-0.0318572256785,0.00208320686192,-5.7770979076e-06;
1492192622566446065, -0.0161779177568, 0.516978624344,0.516978624344,0.226040990515,-0.0682181154705,-0.0319511500281,0.00202059062887,9.07088231141e-05;
1492192622616453886, -0.0257133874363, 0.508994572523,0.508994572523,0.218292595495,-0.0678662313422,-0.0319824581446,0.0026467529594,-0.000112983676821;
1492192622666477918, -0.0241241424897,  0.52296666321,0.52296666321,0.23155771578,-0.068921883727,-0.0316693769793,0.00220843932803,7.99881652228e-05;
1492192622716691017, -0.0326001155382,  0.50956533882,0.50956533882,0.22416280596,-0.0680421734063,-0.0317633013289,0.0020518987454,3.71055336576e-05;
1492192622766390085, -0.0225348975431, 0.511988591956,0.511988591956,0.220874215527,-0.0684820285667,-0.0317946094455,0.00245890426024,-8.08217031467e-05;
1492192622816370964, -0.0257133874363,  0.50923091551,0.50923091551,0.224720723399,-0.0679542023742,-0.031825917562,0.00189535816277,2.63848757663e-05;
1492192622866293907, -0.0267728840674, 0.512153171884,0.512153171884,0.221872222004,-0.0684820285667,-0.0319198419116,0.00208320686192,4.94355998368e-06;
1492192622916431903, -0.0273026323829, 0.508742439177,0.508742439177,0.21858363157,-0.068921883727,-0.0317633013289,0.00230236367761,4.78261915489e-05;
1492192622966090917, -0.0257133874363, 0.510239448894,0.510239448894,0.220434126488,-0.0683940575346,-0.0320450743777,0.00227105556108,2.63848757663e-05;
1492192623016335964, -0.0209456525966, 0.511648905193,0.511648905193,0.224457376961,-0.0676023182459,-0.0319511500281,0.00242759614371,9.07088231141e-05;
1492192623066427946,  -0.020415904281, 0.513135388004,0.513135388004,0.230060706063,-0.068921883727,-0.0313876039306,0.0021771312115,1.5664217875e-05;
1492192623116482019, -0.0182969110189, 0.513979341458,0.513979341458,0.226425700279,-0.0668985499894,-0.0319824581446,0.00236497991066,0.000133591454679;
1492192623166285037, -0.0198861559655, 0.507903749175,0.507903749175,0.221196476165,-0.0687459416629,-0.0318572256785,0.00186405004624,-5.93803873641e-05;
1492192623216376066, -0.0214754009121, 0.509652892238,0.509652892238,0.221931136204,-0.0683940575346,-0.031888533795,0.00227105556108,-0.000177307624169;
1492192623266407012, -0.0209456525966, 0.515476351175,0.515476351175,0.226449854991,-0.0690978257912,-0.0317319932124,0.00202059062887,-1.64977557989e-05;
1492192623316385030, -0.0235943941742,  0.51838281719,0.51838281719,0.232441428782,-0.0676023182459,-0.0316380688628,0.00230236367761,-5.93803873641e-05;
1492192623366478919, -0.0273026323829, 0.516479621105,0.516479621105,0.225306330476,-0.0685699995987,-0.0316693769793,0.00233367179413,4.94355998368e-06;
1492192623416462898, -0.0257133874363, 0.519062190716,0.519062190716,0.225746419514,-0.0686579706308,-0.0321703068438,0.00211451497845,-7.01010452554e-05;
1492192623466339111, -0.0257133874363, 0.515640931103,0.515640931103,0.22780134667,-0.0685699995987,-0.0317006850959,0.00220843932803,0.000101429481005;
1492192623516412973, -0.0225348975431, 0.523712536342,0.523712536342,0.234260699137,-0.0678662313422,-0.0315754526298,0.00186405004624,-7.01010452554e-05;
1492192623566195964, -0.0167076660723, 0.508397488961,0.508397488961,0.2250742086,-0.0674263761818,-0.0316380688628,0.00230236367761,-4.86597294728e-05;
1492192623616275072,   -0.01935640765, 0.512317751813,0.512317751813,0.223164799483,-0.0680421734063,-0.0317006850959,0.0021771312115,9.07088231141e-05;
1492192623666441917, -0.0230646458587, 0.509236178963,0.509236178963,0.221754393604,-0.0686579706308,-0.0317006850959,0.00233367179413,7.99881652228e-05;
1492192623716324090, -0.0172374143878,  0.51197806505,0.51197806505,0.225746419514,-0.0686579706308,-0.031888533795,0.00220843932803,-1.64977557989e-05;
1492192623766336917, -0.0209456525966, 0.509477785403,0.509477785403,0.226217733116,-0.0679542023742,-0.0315128363967,0.00211451497845,0.000155032770462;
1492192623816387891, -0.0235943941742, 0.511319745335,0.511319745335,0.221636565204,-0.068833912695,-0.0317946094455,0.0027719854255,0.000101429481005;
1492192623866466999, -0.0209456525966,  0.50956533882,0.50956533882,0.22398606336,-0.0683060865025,-0.0320450743777,0.00214582309498,9.07088231141e-05;
1492192623916392087,  -0.020415904281, 0.521639496875,0.521639496875,0.229388495149,-0.067690289278,-0.0316380688628,0.00233367179413,0.000112150138897;
1492192623966320037, -0.0251836391208, 0.509647628785,0.509647628785,0.224308323998,-0.0685699995987,-0.031888533795,0.00239628802719,0.000165753428353;
1492192624016388893, -0.0267728840674, 0.507739169247,0.507739169247,0.220139555487,-0.068833912695,-0.0320450743777,0.0020518987454,1.5664217875e-05;
1492192624066680908, -0.0177671627034, 0.518305790679,0.518305790679,0.229093924148,-0.0681301444384,-0.031825917562,0.00189535816277,4.94355998368e-06;
1492192624116492986, -0.0177671627034, 0.518804793918,0.518804793918,0.229592927387,-0.0681301444384,-0.0319511500281,0.00211451497845,4.94355998368e-06;
1492192624166335105, -0.0235943941742, 0.514478344697,0.514478344697,0.225982076315,-0.0683060865025,-0.031888533795,0.00195797439582,5.85468494402e-05;
1492192624216408967, -0.0182969110189, 0.519139217228,0.519139217228,0.228976095748,-0.0683060865025,-0.0316380688628,0.00236497991066,4.78261915489e-05;
1492192624266130924, -0.0241241424897, 0.513974078005,0.513974078005,0.22797808927,-0.0683060865025,-0.0318572256785,0.00230236367761,0.000112150138897;
1492192624316394090, -0.0230646458587, 0.509061072129,0.509061072129,0.224921620712,-0.0698895650798,-0.031825917562,0.00227105556108,-0.000134424992603;
1492192624366440057, -0.0209456525966, 0.514987874842,0.514987874842,0.222198017568,-0.0672504341177,-0.0317006850959,0.00208320686192,-5.7770979076e-06;
1492192624416114091, -0.0267728840674, 0.518979900752,0.518979900752,0.225954386678,-0.0676023182459,-0.031825917562,0.00242759614371,-2.72184136902e-05;
1492192624466459035, -0.0288918773295, 0.508068329104,0.508068329104,0.222017740042,-0.0690098547591,-0.031825917562,0.00236497991066,-4.86597294728e-05;
1492192624516634941, -0.0209456525966,   0.5114020353,0.5114020353,0.222371225243,-0.0684820285667,-0.0321389987272,0.00233367179413,0.000165753428353;
1492192624566638946,  -0.020415904281,  0.51106761199,0.51106761199,0.222988056882,-0.0683060865025,-0.0315441445132,0.00211451497845,-9.15423610381e-05;
1492192624616585016, -0.0172374143878, 0.503572036502,0.503572036502,0.220610869089,-0.0681301444384,-0.0315754526298,0.00252152049329,7.99881652228e-05;
1492192624666083097, -0.0262431357519, 0.518393344096,0.518393344096,0.226685511792,-0.0687459416629,-0.0323581555429,0.00258413672635,-3.79390715815e-05;
1492192624716281890, -0.0230646458587, 0.505820182803,0.505820182803,0.221373218765,-0.0684820285667,-0.0321076906107,0.00223974744456,3.71055336576e-05;
1492192624766450881, -0.0177671627034,  0.52055393698,0.52055393698,0.229915188026,-0.0683940575346,-0.0317006850959,0.00202059062887,1.5664217875e-05;
