%time,field0,field1,field2,field3,field4,field5,field6,field7
home_eff = [1493917155935084104,-0.106235131397,0.602853139606,0.312108746657,0.0826522045336,-0.0182983769967,0.00108134713308,-9.15423610381e-05,-0.011341496
1493917155945266962,-0.101467396557,0.599755776398,0.319126016564,0.0834439438223,-0.0179226795984,0.000862190317395,-9.15423610381e-05,-0.010769282
1493917155955301046,-0.101467396557,0.605332365442,0.321735326233,0.0821243783412,-0.0181105282976,0.000924806550448,3.71055336576e-05,-0.01382109
1493917155965373992,-0.0977591583485,0.598264030134,0.314250277651,0.0821243783412,-0.0177348308993,0.00120657959918,4.94355998368e-06,-0.012104448
1493917155975460052,-0.101467396557,0.596427333655,0.315570544766,0.081860465245,-0.0178600633654,0.000862190317395,-3.79390715815e-05,-0.012104448
1493917155985533952,-0.103056641504,0.58927144493,0.310434994341,0.0823882914374,-0.0182983769967,0.000893498433921,4.78261915489e-05,-0.012485924
1493917155995681047,-0.0998781516106,0.603346879392,0.314631452489,0.0819484362771,-0.0182670688802,0.00101873090003,-0.000123704334712,-0.010197068
1493917156005712985,-0.0972294100329,0.602420635973,0.31953488104,0.0825642335016,-0.0178600633654,0.00139442829834,-5.93803873641e-05,-0.011341496
1493917156015782117,-0.103586389819,0.60766806516,0.321267547557,0.0829161176299,-0.0178287552489,0.00136312018182,0.000101429481005,-0.012295186
1493917156025777101,-0.0998781516106,0.60766806516,0.320914062356,0.0823882914374,-0.0183296851133,0.00114396336613,4.78261915489e-05,-0.011532234
1493917156035873889,-0.101997144873,0.59359789415,0.314870644215,0.0837958279506,-0.0180792201811,0.00133181206529,4.94355998368e-06,-0.013630352
1493917156046026945,-0.101997144873,0.595347037213,0.31395570665,0.0816845231808,-0.0177348308993,0.00120657959918,4.78261915489e-05,-0.012676662
1493917156056045055,-0.104116138135,0.605173048966,0.318065560961,0.081860465245,-0.0177661390158,0.00108134713308,-4.86597294728e-05,-0.011722972
1493917156066221952,-0.0956401650863,0.599596459922,0.315632993892,0.0834439438223,-0.0178913714819,0.000736957851289,-2.72184136902e-05,-0.011341496
1493917156076196908,-0.0998781516106,0.596175200309,0.317157693246,0.0827401755657,-0.0179226795984,0.000924806550448,6.92675073315e-05,-0.011532234
1493917156086302995,-0.0988186549795,0.597595183514,0.315601769329,0.0826522045336,-0.0179852958315,0.00101873090003,4.94355998368e-06,-0.012485924
1493917156096543073,-0.100937648242,0.593603157603,0.311138429817,0.0819484362771,-0.0177348308993,0.000862190317395,1.5664217875e-05,-0.012676662
1493917156106429100,-0.0988186549795,0.591020587992,0.311640967981,0.0834439438223,-0.0180792201811,0.00064303350171,4.94355998368e-06,-0.012676662
1493917156116560935,-0.0988186549795,0.598917086396,0.320560577155,0.081860465245,-0.018016603948,0.00101873090003,9.07088231141e-05,-0.011722972
1493917156126584053,-0.0977591583485,0.597188997145,0.311024136342,0.0832680017581,-0.0180792201811,0.00101873090003,4.78261915489e-05,-0.013248876
1493917156136657953,-0.098288906664,0.60401046256,0.316364119006,0.0823003204054,-0.0179226795984,0.00108134713308,-8.08217031467e-05,-0.0128674
1493917156146831989,-0.106235131397,0.600013173196,0.315397337091,0.083092059694,-0.0177035227827,0.000924806550448,4.94355998368e-06,-0.013439614
1493917156156821012,-0.0993484032951,0.59875776992,0.318186924286,0.0835319148544,-0.0181731445306,0.00130050394876,-5.7770979076e-06,-0.012676662
1493917156167001008,-0.101997144873,0.59875776992,0.317421039684,0.0823882914374,-0.0180479120645,0.000956114666974,0.000133591454679,-0.014965518
1493917156177117109,-0.100937648242,0.598176476717,0.316540861607,0.0825642335016,-0.0178913714819,0.0009874227835,2.63848757663e-05,-0.014393304
1493917156187089920,-0.101467396557,0.598011896788,0.31595525453,0.0831800307261,-0.0181105282976,0.000830882200868,-1.64977557989e-05,-0.01191371
1493917156197192907,-0.0972294100329,0.597929606824,0.315279508691,0.0829161176299,-0.0182983769967,0.000799574084342,7.99881652228e-05,-0.0128674
1493917156207267045,-0.10464588645,0.591848751088,0.313429013773,0.0823882914374,-0.0179226795984,0.00101873090003,-1.64977557989e-05,-0.013248876
1493917156217304944,-0.0966996617174,0.597425340132,0.317570092647,0.0833559727902,-0.0179226795984,0.000956114666974,4.94355998368e-06,-0.013439614
1493917156227530002,-0.103586389819,0.600851863198,0.312195350495,0.0820364073091,-0.0182044526472,0.00114396336613,-7.01010452554e-05,-0.01096002
1493917156237567901,-0.0945806684553,0.60117049615,0.31953488104,0.0825642335016,-0.0180792201811,0.000862190317395,9.07088231141e-05,-0.011532234
1493917156247595071,-0.100937648242,0.604838625656,0.319153706201,0.0827401755657,-0.018016603948,0.00117527148266,5.85468494402e-05,-0.014202566
1493917156257600069,-0.0972294100329,0.599431879993,0.313515617611,0.0817724942129,-0.0175782903166,0.0009874227835,0.000122870796788,-0.012295186
1493917156267754077,-0.103586389819,0.601175759603,0.317570092647,0.0833559727902,-0.0178600633654,0.000862190317395,4.94355998368e-06,-0.01096002
1493917156278002977,-0.0966996617174,0.601011179674,0.315865115767,0.0823003204054,-0.0180479120645,0.000549109152131,2.63848757663e-05,-0.012295186
1493917156287935972,-0.101467396557,0.602420635973,0.31965270944,0.0827401755657,-0.0179852958315,0.00105003901655,-2.72184136902e-05,-0.010387806
1493917156298041105,-0.101467396557,0.602338346009,0.319389363002,0.083092059694,-0.0178600633654,0.00101873090003,-5.93803873641e-05,-0.0128674
1493917156308145999,-0.101467396557,0.605008469037,0.317951267486,0.0831800307261,-0.0179852958315,0.00111265524961,-1.64977557989e-05,-0.012676662
1493917156318317890,-0.0998781516106,0.598341056645,0.317597782285,0.0826522045336,-0.018016603948,0.00101873090003,-2.72184136902e-05,-0.010578544
1493917156328255891,-0.105705383081,0.60217376608,0.318509184925,0.0832680017581,-0.0177035227827,0.00101873090003,3.71055336576e-05,-0.012485924
1493917156338330030,-0.0972294100329,0.603007192629,0.317802214522,0.0822123493733,-0.0182357607637,0.000580417268657,0.000240798033592,-0.011150758
1493917156348454952,-0.106235131397,0.603840619178,0.318627013325,0.0834439438223,-0.0180479120645,0.00111265524961,4.94355998368e-06,-0.013439614
1493917156358613014,-0.090342681931,0.599015166719,0.313751274412,0.0821243783412,-0.0179226795984,0.0009874227835,1.5664217875e-05,-0.009815592
1493917156368601083,-0.0977591583485,0.595259483795,0.316010633805,0.0817724942129,-0.0183923013463,0.000862190317395,-2.72184136902e-05,-0.013630352
1493917156378706932,-0.106235131397,0.599344326576,0.316395343569,0.083092059694,-0.0176722146662,0.000893498433921,-5.7770979076e-06,-0.01191371
1493917156388711929,-0.100937648242,0.597425340132,0.317452264247,0.0831800307261,-0.017953987715,0.00105003901655,4.94355998368e-06,-0.01096002
1493917156398847103,-0.0988186549795,0.5991850101,0.312843406697,0.0830040886619,-0.0179226795984,0.0009874227835,-7.01010452554e-05,-0.012295186
1493917156408919095,-0.0961699134019,0.596756493512,0.317920042923,0.0823882914374,-0.0179852958315,0.00108134713308,-4.86597294728e-05,-0.0128674
1493917156418910980,-0.100937648242,0.605507472276,0.318273528124,0.0829161176299,-0.0183296851133,0.000893498433921,9.07088231141e-05,-0.014393304
1493917156429035902,-0.0977591583485,0.59875776992,0.316949726083,0.0816845231808,-0.0180479120645,0.000924806550448,4.94355998368e-06,-0.012676662
1493917156439148902,-0.0961699134019,0.59875776992,0.317479953884,0.0824762624695,-0.0181105282976,0.000799574084342,-3.79390715815e-05,-0.012676662
1493917156449270009,-0.101467396557,0.597013890311,0.314309191851,0.0822123493733,-0.0177348308993,0.000768265967816,5.85468494402e-05,-0.012295186
1493917156459391117,-0.101467396557,0.588942285072,0.308851380786,0.0830040886619,-0.0177348308993,0.00120657959918,0.000101429481005,-0.010578544
